5.000000000000000000e-01 -4.033272457807082212e-01
5.999999999999999778e-01 -6.682572424062220851e-01
6.999999999999999556e-01 -8.371311530399607737e-01
7.999999999999999334e-01 -9.473088055700835675e-01
8.999999999999999112e-01 -1.019497946396797250e+00
9.999999999999998890e-01 -1.066000365287904872e+00
1.099999999999999867e+00 -1.094565011202379701e+00
1.199999999999999734e+00 -1.110334803197023046e+00
1.299999999999999822e+00 -1.116872066408365338e+00
1.399999999999999911e+00 -1.116715254863468676e+00
1.499999999999999778e+00 -1.111696825879792572e+00
1.599999999999999645e+00 -1.103141905023953928e+00
1.699999999999999734e+00 -1.092006785295228433e+00
1.799999999999999822e+00 -1.078983149878869119e+00
1.899999999999999689e+00 -1.064577817865988374e+00
1.999999999999999556e+00 -1.049171843561421014e+00
2.099999999999999645e+00 -1.033061800367199634e+00
2.199999999999999734e+00 -1.016557647702265532e+00
2.299999999999999822e+00 -1.001954893240049493e+00
2.399999999999999467e+00 -9.898985376769542377e-01
2.499999999999999556e+00 -9.799487320762978459e-01
2.599999999999999645e+00 -9.717416521189473633e-01
2.699999999999999289e+00 -9.649753357023429512e-01
2.799999999999999378e+00 -9.593989759069003753e-01
2.899999999999999467e+00 -9.548044448339423340e-01
2.999999999999999556e+00 -9.510193274690058596e-01
3.099999999999999645e+00 -9.479010639328632193e-01
3.199999999999999289e+00 -9.453319776699988797e-01
3.299999999999999378e+00 -9.432150559940853940e-01
3.399999999999999467e+00 -9.414703877888688233e-01
3.499999999999999112e+00 -9.400321774923763307e-01
3.599999999999999201e+00 -9.388462598667071113e-01
3.699999999999999289e+00 -9.378680438016291365e-01
3.799999999999999378e+00 -9.370608182798255692e-01
3.899999999999999467e+00 -9.363943600914192977e-01
3.999999999999999112e+00 -9.358437904173617650e-01
4.099999999999999645e+00 -9.353886352651175073e-01
4.199999999999999289e+00 -9.350120522950073898e-01
4.299999999999998934e+00 -9.347001933913862137e-01
4.399999999999998579e+00 -9.344416781924909099e-01
4.499999999999999112e+00 -9.342271586481181167e-01
4.599999999999998757e+00 -9.340489585884266255e-01
4.699999999999999289e+00 -9.339007753840866677e-01
4.799999999999998934e+00 -9.337774332023159873e-01
4.899999999999998579e+00 -9.336746792559220687e-01
4.999999999999999112e+00 -9.335890159264336186e-01
5.099999999999998757e+00 -9.335175628183588481e-01
5.199999999999999289e+00 -9.334579437476850927e-01
5.299999999999998934e+00 -9.334081944427542465e-01
5.399999999999998579e+00 -9.333666873820941623e-01
5.499999999999999112e+00 -9.333320707422751994e-01
5.599999999999998757e+00 -9.333032189003327428e-01
5.699999999999999289e+00 -9.332791923440756365e-01
5.799999999999998934e+00 -9.332592051994422766e-01
5.899999999999998579e+00 -9.332425988932382399e-01
5.999999999999999112e+00 -9.332288207368224509e-01
6.099999999999998757e+00 -9.332174064450301509e-01
6.199999999999998401e+00 -9.332079657981176002e-01
6.299999999999998934e+00 -9.332001708158429443e-01
6.399999999999998579e+00 -9.331937459453405470e-01
6.499999999999998224e+00 -9.331884598715375345e-01
6.599999999999998757e+00 -9.331841186441465208e-01
6.699999999999998401e+00 -9.331805598820979153e-01
6.799999999999998934e+00 -9.331776478679424391e-01
6.899999999999998579e+00 -9.331752693843144986e-01
6.999999999999998224e+00 -9.331733301745114284e-01
7.099999999999998757e+00 -9.331717519319093768e-01
7.199999999999998401e+00 -9.331704697400992066e-01
7.299999999999998934e+00 -9.331694298986984437e-01
7.399999999999998579e+00 -9.331685880799681643e-01
7.499999999999998224e+00 -9.331679077693537661e-01
7.599999999999998757e+00 -9.331673589495754761e-01
7.699999999999998401e+00 -9.331669169932979013e-01
7.799999999999998046e+00 -9.331665617339910401e-01
7.899999999999998579e+00 -9.331662766885548965e-01
7.999999999999998224e+00 -9.331660484087913598e-01
8.099999999999997868e+00 -9.331658659418630153e-01
8.199999999999999289e+00 -9.331657203826174696e-01
8.299999999999997158e+00 -9.331656045030584101e-01
8.399999999999998579e+00 -9.331655124464119933e-01
8.499999999999998224e+00 -9.331654394750583670e-01
8.599999999999997868e+00 -9.331653817632885595e-01
8.699999999999997513e+00 -9.331653362272178676e-01
8.799999999999998934e+00 -9.331653003854664119e-01
8.899999999999998579e+00 -9.331652722451992954e-01
8.999999999999998224e+00 -9.331652502090834744e-01
9.099999999999997868e+00 -9.331652329994217787e-01
9.199999999999997513e+00 -9.331652195963835439e-01
9.299999999999997158e+00 -9.331652091878041011e-01
9.399999999999998579e+00 -9.331652011284214954e-01
9.499999999999998224e+00 -9.331651949068499041e-01
9.599999999999997868e+00 -9.331651901188551257e-01
9.699999999999997513e+00 -9.331651864457666257e-01
9.799999999999997158e+00 -9.331651836370798980e-01
9.899999999999998579e+00 -9.331651814964507796e-01
9.999999999999998224e+00 -9.331651798704528877e-01
1.009999999999999787e+01 -9.331651786395785964e-01
1.019999999999999751e+01 -9.331651777110400170e-01
1.029999999999999716e+01 -9.331651770130348078e-01
1.039999999999999858e+01 -9.331651764901959245e-01
1.049999999999999822e+01 -9.331651760999729595e-01
1.059999999999999787e+01 -9.331651758097876392e-01
1.069999999999999751e+01 -9.331651755947858451e-01
1.079999999999999716e+01 -9.331651754360776874e-01
1.089999999999999858e+01 -9.331651753193604959e-01
1.099999999999999822e+01 -9.331651752338468997e-01
1.109999999999999787e+01 -9.331651751714304943e-01
1.119999999999999751e+01 -9.331651751260451322e-01
1.129999999999999716e+01 -9.331651750931700962e-01
1.139999999999999680e+01 -9.331651750694480718e-01
1.149999999999999822e+01 -9.331651750523953792e-01
1.159999999999999787e+01 -9.331651750401857015e-01
1.169999999999999751e+01 -9.331651750314758909e-01
1.179999999999999716e+01 -9.331651750252871746e-01
1.189999999999999680e+01 -9.331651750209076779e-01
1.199999999999999822e+01 -9.331651750178197036e-01
1.209999999999999787e+01 -9.331651750156512160e-01
1.219999999999999751e+01 -9.331651750141330970e-01
1.229999999999999716e+01 -9.331651750130773859e-01
1.239999999999999680e+01 -9.331651750123436395e-01
1.249999999999999645e+01 -9.331651750118368227e-01
1.259999999999999787e+01 -9.331651750114874355e-01
1.269999999999999751e+01 -9.331651750112482935e-01
1.279999999999999716e+01 -9.331651750110863119e-01
1.289999999999999680e+01 -9.331651750109749566e-01
1.299999999999999645e+01 -9.331651750109003496e-01
1.309999999999999787e+01 -9.331651750108499455e-01
1.319999999999999751e+01 -9.331651750108166388e-01
1.329999999999999716e+01 -9.331651750107946564e-01
1.339999999999999680e+01 -9.331651750107798904e-01
1.349999999999999645e+01 -9.331651750107708976e-01
1.359999999999999787e+01 -9.331651750107645693e-01
1.369999999999999751e+01 -9.331651750107611276e-01
1.379999999999999716e+01 -9.331651750107593513e-01
1.389999999999999680e+01 -9.331651750107581300e-01
1.399999999999999645e+01 -9.331651750107579080e-01
1.409999999999999787e+01 -9.331651750107584631e-01
1.419999999999999751e+01 -9.331651750107589072e-01
1.429999999999999716e+01 -9.331651750107594623e-01
1.439999999999999680e+01 -9.331651750107599064e-01
1.449999999999999645e+01 -9.331651750107611276e-01
1.459999999999999609e+01 -9.331651750107612386e-01
1.469999999999999751e+01 -9.331651750107624599e-01
1.479999999999999716e+01 -9.331651750107627930e-01
1.489999999999999680e+01 -9.331651750107635701e-01
