5.000000000000000000e-01 -5.341010716551096493e+00
5.100000000000000089e-01 -5.694050157327922079e+00
5.200000000000000178e-01 -6.031168791169019272e+00
5.300000000000000266e-01 -6.353337897019585512e+00
5.400000000000000355e-01 -6.661263887906581971e+00
5.500000000000000444e-01 -6.955709654372110862e+00
5.600000000000000533e-01 -7.237383763826485961e+00
5.700000000000000622e-01 -7.506874687106378730e+00
5.800000000000000711e-01 -7.764822605465985461e+00
5.900000000000000799e-01 -8.011799112970820147e+00
6.000000000000000888e-01 -8.248343129224666725e+00
6.100000000000000977e-01 -8.474963127133413821e+00
6.200000000000001066e-01 -8.692139176041221660e+00
6.300000000000001155e-01 -8.900345734880483306e+00
6.400000000000001243e-01 -9.099966994546988985e+00
6.500000000000001332e-01 -9.291432887938402274e+00
6.600000000000001421e-01 -9.475127429185707939e+00
6.700000000000001510e-01 -9.651414278390053170e+00
6.800000000000001599e-01 -9.820638036011162697e+00
6.900000000000001688e-01 -9.983125363278286812e+00
7.000000000000001776e-01 -1.013918601284253640e+01
7.100000000000001865e-01 -1.028911377995510357e+01
7.200000000000001954e-01 -1.043318738337711693e+01
7.300000000000002043e-01 -1.057167128425682456e+01
7.400000000000002132e-01 -1.070481645023027895e+01
7.500000000000002220e-01 -1.083286107105838170e+01
7.600000000000002309e-01 -1.095603123123412992e+01
7.700000000000002398e-01 -1.107454154419149717e+01
7.800000000000002487e-01 -1.118859575202684731e+01
7.900000000000002576e-01 -1.129838729400859165e+01
8.000000000000002665e-01 -1.140409984659696008e+01
8.100000000000002753e-01 -1.150590783722015686e+01
8.200000000000002842e-01 -1.160397693365145066e+01
8.300000000000002931e-01 -1.169846451049592417e+01
8.400000000000003020e-01 -1.178953523430631201e+01
8.500000000000003109e-01 -1.187730007001200327e+01
8.600000000000003197e-01 -1.196191010612083439e+01
8.700000000000003286e-01 -1.204349384543726131e+01
8.800000000000003375e-01 -1.212217346225647674e+01
8.900000000000003464e-01 -1.219806521256837506e+01
9.000000000000003553e-01 -1.227127976562139011e+01
9.100000000000003642e-01 -1.234192251831089138e+01
9.200000000000003730e-01 -1.241009389308368505e+01
9.300000000000003819e-01 -1.247588961982653366e+01
9.400000000000003908e-01 -1.253940100221554843e+01
9.500000000000003997e-01 -1.260071516901964372e+01
9.600000000000004086e-01 -1.265991531086803690e+01
9.700000000000004174e-01 -1.271708090301201821e+01
9.800000000000004263e-01 -1.277228791462850133e+01
9.900000000000004352e-01 -1.282560900522937430e+01
1.000000000000000444e+00 -1.287711370875327432e+01
1.010000000000000453e+00 -1.292686860592724152e+01
1.020000000000000462e+00 -1.297493748549064385e+01
1.030000000000000471e+00 -1.302138149487568874e+01
1.040000000000000480e+00 -1.306625928093756528e+01
1.050000000000000488e+00 -1.310962712132005059e+01
1.060000000000000497e+00 -1.315153904703347365e+01
1.070000000000000506e+00 -1.319204695680823392e+01
1.080000000000000515e+00 -1.323120072377142620e+01
1.090000000000000524e+00 -1.326904829497532390e+01
1.100000000000000533e+00 -1.330563578428511384e+01
1.110000000000000542e+00 -1.334100755911118519e+01
1.120000000000000551e+00 -1.337520632144715194e+01
1.130000000000000560e+00 -1.340827318364970111e+01
1.140000000000000568e+00 -1.344024773937047712e+01
1.150000000000000577e+00 -1.347116813002551439e+01
1.160000000000000586e+00 -1.350107110716082914e+01
1.170000000000000595e+00 -1.352999209104803136e+01
1.180000000000000604e+00 -1.355796522581886521e+01
1.190000000000000613e+00 -1.358502343142349922e+01
1.200000000000000622e+00 -1.361119845267420203e+01
1.210000000000000631e+00 -1.363652090561414454e+01
1.220000000000000639e+00 -1.366102032142969946e+01
1.230000000000000648e+00 -1.368472518810541416e+01
1.240000000000000657e+00 -1.370766299000173305e+01
1.250000000000000666e+00 -1.372986024551899220e+01
1.260000000000000675e+00 -1.375134254299476311e+01
1.270000000000000684e+00 -1.377213457496706006e+01
1.280000000000000693e+00 -1.379226017092277345e+01
1.290000000000000702e+00 -1.381174232863805607e+01
1.300000000000000711e+00 -1.383060324420642218e+01
1.310000000000000719e+00 -1.384886434084052453e+01
1.320000000000000728e+00 -1.386654629652405113e+01
1.330000000000000737e+00 -1.388366907058262001e+01
1.340000000000000746e+00 -1.390025192923502217e+01
1.350000000000000755e+00 -1.391631347018015141e+01
1.360000000000000764e+00 -1.393187164626879593e+01
1.370000000000000773e+00 -1.394694378830527981e+01
1.380000000000000782e+00 -1.396154662701880156e+01
1.390000000000000790e+00 -1.397569631424138237e+01
1.400000000000000799e+00 -1.398940844332525479e+01
1.410000000000000808e+00 -1.400269806883064838e+01
1.420000000000000817e+00 -1.401557972551137254e+01
1.430000000000000826e+00 -1.402806744662465022e+01
1.440000000000000835e+00 -1.404017478158915111e+01
1.450000000000000844e+00 -1.405191481301378786e+01
1.460000000000000853e+00 -1.406330017311885072e+01
1.470000000000000862e+00 -1.407434305956966725e+01
1.480000000000000870e+00 -1.408505525074203035e+01
1.490000000000000879e+00 -1.409544812043820627e+01
1.500000000000000888e+00 -1.410553265207109064e+01
1.510000000000000897e+00 -1.411531945233413765e+01
1.520000000000000906e+00 -1.412481876437376371e+01
1.530000000000000915e+00 -1.413404048048033701e+01
1.540000000000000924e+00 -1.414299415431426077e+01
1.550000000000000933e+00 -1.415168901268223145e+01
1.560000000000000941e+00 -1.416013396687928960e+01
1.570000000000000950e+00 -1.416833762361164872e+01
1.580000000000000959e+00 -1.417630829551457872e+01
1.590000000000000968e+00 -1.418405401128035237e+01
1.600000000000000977e+00 -1.419158252540994170e+01
1.610000000000000986e+00 -1.419890132760203727e+01
1.620000000000000995e+00 -1.420601765179382348e+01
1.630000000000001004e+00 -1.421293848486533840e+01
1.640000000000001013e+00 -1.421967057502165588e+01
1.650000000000001021e+00 -1.422622043986453200e+01
1.660000000000001030e+00 -1.423259437416618312e+01
1.670000000000001039e+00 -1.423879845735699590e+01
1.680000000000001048e+00 -1.424483856073866050e+01
1.690000000000001057e+00 -1.425072035443418272e+01
1.700000000000001066e+00 -1.425644931408533012e+01
1.710000000000001075e+00 -1.426203072730826804e+01
1.720000000000001084e+00 -1.426746969991732783e+01
1.730000000000001092e+00 -1.427277116192702167e+01
1.740000000000001101e+00 -1.427793987334108650e+01
1.750000000000001110e+00 -1.428298042973844062e+01
1.760000000000001119e+00 -1.428789726766381207e+01
1.770000000000001128e+00 -1.429269466983239667e+01
1.780000000000001137e+00 -1.429737677015539532e+01
1.790000000000001146e+00 -1.430194755859491629e+01
1.800000000000001155e+00 -1.430641088585506893e+01
1.810000000000001164e+00 -1.431077046791615359e+01
1.820000000000001172e+00 -1.431502989041888796e+01
1.830000000000001181e+00 -1.431919261290441980e+01
1.840000000000001190e+00 -1.432326197291653358e+01
1.850000000000001199e+00 -1.432724118997126617e+01
1.860000000000001208e+00 -1.433113336939982219e+01
1.870000000000001217e+00 -1.433494150606907169e+01
1.880000000000001226e+00 -1.433866848798544069e+01
1.890000000000001235e+00 -1.434231709978566016e+01
1.900000000000001243e+00 -1.434589002611941666e+01
1.910000000000001252e+00 -1.434938985492766328e+01
1.920000000000001261e+00 -1.435281908062036038e+01
1.930000000000001270e+00 -1.435618010715739423e+01
1.940000000000001279e+00 -1.435947525103598466e+01
1.950000000000001288e+00 -1.436270674418791415e+01
1.960000000000001297e+00 -1.436587766501440555e+01
1.970000000000001306e+00 -1.436898816117474453e+01
1.980000000000001315e+00 -1.437204121217092023e+01
1.990000000000001323e+00 -1.437503875076059145e+01
2.000000000000001332e+00 -1.437798262665676319e+01
2.010000000000001563e+00 -1.438087462051417731e+01
2.020000000000001350e+00 -1.438371644641033775e+01
2.030000000000001137e+00 -1.438650975411880140e+01
2.040000000000001368e+00 -1.438925578535011063e+01
2.050000000000001599e+00 -1.439195682750959193e+01
2.060000000000001386e+00 -1.439461393600720385e+01
2.070000000000001172e+00 -1.439722852427403410e+01
2.080000000000001403e+00 -1.439980195234960547e+01
2.090000000000001634e+00 -1.440233552823488417e+01
2.100000000000001421e+00 -1.440483050972437873e+01
2.110000000000001208e+00 -1.440728810618253064e+01
2.120000000000001439e+00 -1.440970948026552634e+01
2.130000000000001670e+00 -1.441209574958948636e+01
2.140000000000001457e+00 -1.441444798834681151e+01
2.150000000000001243e+00 -1.441676722887159201e+01
2.160000000000001474e+00 -1.441905446315569606e+01
2.170000000000001705e+00 -1.442131064431677601e+01
2.180000000000001492e+00 -1.442353668801917266e+01
2.190000000000001279e+00 -1.442573347384916005e+01
2.200000000000001510e+00 -1.442790184664572628e+01
2.210000000000001741e+00 -1.443004261778784780e+01
2.220000000000001528e+00 -1.443215656643960720e+01
2.230000000000001315e+00 -1.443424444075420965e+01
2.240000000000001545e+00 -1.443630695903789274e+01
2.250000000000001776e+00 -1.443834481087503008e+01
2.260000000000001563e+00 -1.444035865821519060e+01
2.270000000000001350e+00 -1.444234913642357654e+01
2.280000000000001581e+00 -1.444431685529552745e+01
2.290000000000001812e+00 -1.444626240003634798e+01
2.300000000000001599e+00 -1.444818633220724990e+01
2.310000000000001386e+00 -1.445008919063863040e+01
2.320000000000001616e+00 -1.445197149231130496e+01
2.330000000000001847e+00 -1.445383373320718334e+01
2.340000000000001634e+00 -1.445567638912963204e+01
2.350000000000001421e+00 -1.445749991649506860e+01
2.360000000000001652e+00 -1.445930475309617691e+01
2.370000000000001883e+00 -1.446109131883803123e+01
2.380000000000001670e+00 -1.446286001644782004e+01
2.390000000000001457e+00 -1.446461123215871147e+01
2.400000000000001688e+00 -1.446634533636932929e+01
2.410000000000001918e+00 -1.446806268427916109e+01
2.420000000000001705e+00 -1.446976361650063225e+01
2.430000000000001492e+00 -1.447144845964905002e+01
2.440000000000001723e+00 -1.447311752691068598e+01
2.450000000000001954e+00 -1.447477111859023324e+01
2.460000000000001741e+00 -1.447640952263762415e+01
2.470000000000001528e+00 -1.447803301515586583e+01
2.480000000000001759e+00 -1.447964186088942995e+01
2.490000000000001990e+00 -1.448123631369514719e+01
2.500000000000001776e+00 -1.448281661699489575e+01
2.510000000000001563e+00 -1.448438300421182845e+01
2.520000000000001794e+00 -1.448593569919005475e+01
2.530000000000002025e+00 -1.448747491659853104e+01
2.540000000000001812e+00 -1.448900086231983408e+01
2.550000000000001599e+00 -1.449051373382431507e+01
2.560000000000001830e+00 -1.449201372053006409e+01
2.570000000000002061e+00 -1.449350100414917719e+01
2.580000000000001847e+00 -1.449497575902107904e+01
2.590000000000001634e+00 -1.449643815243300260e+01
2.600000000000001865e+00 -1.449788834492840195e+01
2.610000000000002096e+00 -1.449932649060349199e+01
2.620000000000001883e+00 -1.450075273739257042e+01
2.630000000000001670e+00 -1.450216722734226060e+01
2.640000000000001901e+00 -1.450357009687548882e+01
2.650000000000002132e+00 -1.450496147704494732e+01
2.660000000000001918e+00 -1.450634149377708582e+01
2.670000000000001705e+00 -1.450771026810657993e+01
2.680000000000001936e+00 -1.450906791640159987e+01
2.690000000000002167e+00 -1.451041455058052598e+01
2.700000000000001954e+00 -1.451175027832002762e+01
2.710000000000001741e+00 -1.451307520325510936e+01
2.720000000000001972e+00 -1.451438942517125774e+01
2.730000000000002203e+00 -1.451569304018911133e+01
2.740000000000001990e+00 -1.451698614094161499e+01
2.750000000000001776e+00 -1.451826881674446668e+01
2.760000000000002007e+00 -1.451954115375944987e+01
2.770000000000002238e+00 -1.452080323515146176e+01
2.780000000000002025e+00 -1.452205514123898489e+01
2.790000000000001812e+00 -1.452329694963874829e+01
2.800000000000002043e+00 -1.452452873540428868e+01
2.810000000000002274e+00 -1.452575057115892143e+01
2.820000000000002061e+00 -1.452696252722330783e+01
2.830000000000001847e+00 -1.452816467173757076e+01
2.840000000000002078e+00 -1.452935707077852712e+01
2.850000000000002309e+00 -1.453053978847178840e+01
2.860000000000002096e+00 -1.453171288709925868e+01
2.870000000000001883e+00 -1.453287642720213313e+01
2.880000000000002114e+00 -1.453403046767918916e+01
2.890000000000002345e+00 -1.453517506588110919e+01
2.900000000000002132e+00 -1.453631027770055439e+01
2.910000000000001918e+00 -1.453743615765827180e+01
2.920000000000002149e+00 -1.453855275898540711e+01
2.930000000000002380e+00 -1.453966013370208543e+01
2.940000000000002167e+00 -1.454075833269242324e+01
2.950000000000001954e+00 -1.454184740577619905e+01
2.960000000000002185e+00 -1.454292740177709042e+01
2.970000000000002416e+00 -1.454399836858770811e+01
2.980000000000002203e+00 -1.454506035323167978e+01
2.990000000000001990e+00 -1.454611340192257529e+01
3.000000000000002220e+00 -1.454715756012016037e+01
3.010000000000002451e+00 -1.454819287258366778e+01
3.020000000000002238e+00 -1.454921938342262777e+01
3.030000000000002025e+00 -1.455023713614493985e+01
3.040000000000002256e+00 -1.455124617370270457e+01
3.050000000000002487e+00 -1.455224653853533034e+01
3.060000000000002274e+00 -1.455323827261075031e+01
3.070000000000002061e+00 -1.455422141746408293e+01
3.080000000000002292e+00 -1.455519601423442744e+01
3.090000000000002522e+00 -1.455616210369949215e+01
3.100000000000002309e+00 -1.455711972630827766e+01
3.110000000000002096e+00 -1.455806892221185933e+01
3.120000000000002327e+00 -1.455900973129249465e+01
3.130000000000002558e+00 -1.455994219319075178e+01
3.140000000000002345e+00 -1.456086634733121343e+01
3.150000000000002132e+00 -1.456178223294634044e+01
3.160000000000002363e+00 -1.456268988909910256e+01
3.170000000000002593e+00 -1.456358935470377070e+01
3.180000000000002380e+00 -1.456448066854567003e+01
3.190000000000002167e+00 -1.456536386929927041e+01
3.200000000000002398e+00 -1.456623899554515056e+01
3.210000000000002629e+00 -1.456710608578572241e+01
3.220000000000002416e+00 -1.456796517845971906e+01
3.230000000000002203e+00 -1.456881631195556714e+01
3.240000000000002434e+00 -1.456965952462372371e+01
3.250000000000002665e+00 -1.457049485478787787e+01
3.260000000000002451e+00 -1.457132234075530519e+01
3.270000000000002238e+00 -1.457214202082620957e+01
3.280000000000002469e+00 -1.457295393330220890e+01
3.290000000000002700e+00 -1.457375811649388808e+01
3.300000000000002487e+00 -1.457455460872761499e+01
3.310000000000002274e+00 -1.457534344835172746e+01
3.320000000000002505e+00 -1.457612467374166876e+01
3.330000000000002736e+00 -1.457689832330472690e+01
3.340000000000002522e+00 -1.457766443548397284e+01
3.350000000000002309e+00 -1.457842304876167105e+01
3.360000000000002540e+00 -1.457917420166203115e+01
3.370000000000002771e+00 -1.457991793275339987e+01
3.380000000000002558e+00 -1.458065428065005342e+01
3.390000000000002345e+00 -1.458138328401332551e+01
3.400000000000002576e+00 -1.458210498155248658e+01
3.410000000000002807e+00 -1.458281941202490373e+01
3.420000000000002593e+00 -1.458352661423618279e+01
3.430000000000002380e+00 -1.458422662703952533e+01
3.440000000000002611e+00 -1.458491948933501803e+01
3.450000000000002842e+00 -1.458560524006843551e+01
3.460000000000002629e+00 -1.458628391822984760e+01
3.470000000000002416e+00 -1.458695556285184480e+01
3.480000000000002647e+00 -1.458762021300758249e+01
3.490000000000002878e+00 -1.458827790780845923e+01
3.500000000000002665e+00 -1.458892868640171869e+01
3.510000000000002451e+00 -1.458957258796772649e+01
3.520000000000002682e+00 -1.459020965171717421e+01
3.530000000000002913e+00 -1.459083991688788906e+01
3.540000000000002700e+00 -1.459146342274181052e+01
3.550000000000002487e+00 -1.459208020856153709e+01
3.560000000000002718e+00 -1.459269031364684821e+01
3.570000000000002949e+00 -1.459329377731120303e+01
3.580000000000002736e+00 -1.459389063887798343e+01
3.590000000000002522e+00 -1.459448093767677790e+01
3.600000000000002753e+00 -1.459506471303942554e+01
3.610000000000002984e+00 -1.459564200429627512e+01
3.620000000000002771e+00 -1.459621285077202124e+01
3.630000000000002558e+00 -1.459677729178181060e+01
3.640000000000002789e+00 -1.459733536662714926e+01
3.650000000000003020e+00 -1.459788711459186672e+01
3.660000000000002807e+00 -1.459843257493792734e+01
3.670000000000002593e+00 -1.459897178690143704e+01
3.680000000000002824e+00 -1.459950478968844045e+01
3.690000000000003055e+00 -1.460003162247081221e+01
3.700000000000002842e+00 -1.460055232438230988e+01
3.710000000000002629e+00 -1.460106693451430182e+01
3.720000000000002860e+00 -1.460157549191182724e+01
3.730000000000003091e+00 -1.460207803556953010e+01
3.740000000000002878e+00 -1.460257460442767830e+01
3.750000000000002665e+00 -1.460306523736822015e+01
3.760000000000002895e+00 -1.460354997321078230e+01
3.770000000000003126e+00 -1.460402885070895174e+01
3.780000000000002913e+00 -1.460450190854632169e+01
3.790000000000002700e+00 -1.460496918533280564e+01
3.800000000000002931e+00 -1.460543071960092654e+01
3.810000000000003162e+00 -1.460588654980203493e+01
3.820000000000002949e+00 -1.460633671430291614e+01
3.830000000000002736e+00 -1.460678125138211136e+01
3.840000000000002967e+00 -1.460722019922654802e+01
3.850000000000003197e+00 -1.460765359592810064e+01
3.860000000000002984e+00 -1.460808147948023361e+01
3.870000000000002771e+00 -1.460850388777482500e+01
3.880000000000003002e+00 -1.460892085859895317e+01
3.890000000000003233e+00 -1.460933242963172951e+01
3.900000000000003020e+00 -1.460973863844134257e+01
3.910000000000002807e+00 -1.461013952248209691e+01
3.920000000000003038e+00 -1.461053511909142877e+01
3.930000000000003268e+00 -1.461092546548717763e+01
3.940000000000003055e+00 -1.461131059876488969e+01
3.950000000000002842e+00 -1.461169055589503785e+01
3.960000000000003073e+00 -1.461206537372049219e+01
3.970000000000003304e+00 -1.461243508895411480e+01
3.980000000000003091e+00 -1.461279973817612543e+01
3.990000000000002878e+00 -1.461315935783191300e+01
4.000000000000003553e+00 -1.461351398422971748e+01
4.010000000000003340e+00 -1.461386365353834194e+01
4.020000000000003126e+00 -1.461420840178515412e+01
4.030000000000002913e+00 -1.461454826485389979e+01
4.040000000000002700e+00 -1.461488327848281443e+01
4.050000000000003375e+00 -1.461521347826265327e+01
4.060000000000003162e+00 -1.461553889963486341e+01
4.070000000000002949e+00 -1.461585957788986967e+01
4.080000000000003624e+00 -1.461617554816526976e+01
4.090000000000003411e+00 -1.461648684544428711e+01
4.100000000000003197e+00 -1.461679350455419346e+01
4.110000000000002984e+00 -1.461709556016475631e+01
4.120000000000002771e+00 -1.461739304678690843e+01
4.130000000000003446e+00 -1.461768599877130015e+01
4.140000000000003233e+00 -1.461797445030703102e+01
4.150000000000003020e+00 -1.461825843542041881e+01
4.160000000000003695e+00 -1.461853798797381998e+01
4.170000000000003482e+00 -1.461881314166448931e+01
4.180000000000003268e+00 -1.461908393002357442e+01
4.190000000000003055e+00 -1.461935038641503581e+01
4.200000000000002842e+00 -1.461961254403486521e+01
4.210000000000003517e+00 -1.461987043591000202e+01
4.220000000000003304e+00 -1.462012409489762277e+01
4.230000000000003091e+00 -1.462037355368437375e+01
4.240000000000003766e+00 -1.462061884478560714e+01
4.250000000000003553e+00 -1.462086000054471491e+01
4.260000000000003340e+00 -1.462109705313253194e+01
4.270000000000003126e+00 -1.462133003454671432e+01
4.280000000000002913e+00 -1.462155897661129522e+01
4.290000000000003588e+00 -1.462178391097613428e+01
4.300000000000003375e+00 -1.462200486911651787e+01
4.310000000000003162e+00 -1.462222188233280029e+01
4.320000000000003837e+00 -1.462243498174996503e+01
4.330000000000003624e+00 -1.462264419831745599e+01
4.340000000000003411e+00 -1.462284956280880621e+01
4.350000000000003197e+00 -1.462305110582148160e+01
4.360000000000002984e+00 -1.462324885777666417e+01
4.370000000000003659e+00 -1.462344284891912949e+01
4.380000000000003446e+00 -1.462363310931713301e+01
4.390000000000003233e+00 -1.462381966886234963e+01
4.400000000000003908e+00 -1.462400255726982223e+01
4.410000000000003695e+00 -1.462418180407795631e+01
4.420000000000003482e+00 -1.462435743864855731e+01
4.430000000000003268e+00 -1.462452949016694248e+01
4.440000000000003055e+00 -1.462469798764193030e+01
4.450000000000003730e+00 -1.462486295990605711e+01
4.460000000000003517e+00 -1.462502443561567489e+01
4.470000000000003304e+00 -1.462518244325117323e+01
4.480000000000003979e+00 -1.462533701111714990e+01
4.490000000000003766e+00 -1.462548816734265067e+01
4.500000000000003553e+00 -1.462563593988143573e+01
4.510000000000003340e+00 -1.462578035651233854e+01
4.520000000000003126e+00 -1.462592144483939904e+01
4.530000000000003801e+00 -1.462605923229238591e+01
4.540000000000003588e+00 -1.462619374612698131e+01
4.550000000000003375e+00 -1.462632501342532088e+01
4.560000000000004050e+00 -1.462645306109626198e+01
4.570000000000003837e+00 -1.462657791587582778e+01
4.580000000000003624e+00 -1.462669960432770999e+01
4.590000000000003411e+00 -1.462681815284364539e+01
4.600000000000003197e+00 -1.462693358764388663e+01
4.610000000000003872e+00 -1.462704593477780968e+01
4.620000000000003659e+00 -1.462715522012423541e+01
4.630000000000003446e+00 -1.462726146939208505e+01
4.640000000000004121e+00 -1.462736470812089529e+01
4.650000000000003908e+00 -1.462746496168133703e+01
4.660000000000003695e+00 -1.462756225527583354e+01
4.670000000000003482e+00 -1.462765661393904892e+01
4.680000000000003268e+00 -1.462774806253859872e+01
4.690000000000003944e+00 -1.462783662577559340e+01
4.700000000000003730e+00 -1.462792232818523530e+01
4.710000000000003517e+00 -1.462800519413747935e+01
4.720000000000004192e+00 -1.462808524783770991e+01
4.730000000000003979e+00 -1.462816251332731454e+01
4.740000000000003766e+00 -1.462823701448441227e+01
4.750000000000003553e+00 -1.462830877502449489e+01
4.760000000000003340e+00 -1.462837781850110197e+01
4.770000000000004015e+00 -1.462844416830651006e+01
4.780000000000003801e+00 -1.462850784767248769e+01
4.790000000000003588e+00 -1.462856887967092590e+01
4.800000000000004263e+00 -1.462862728721457195e+01
4.810000000000004050e+00 -1.462868309305778602e+01
4.820000000000003837e+00 -1.462873631979723221e+01
4.830000000000003624e+00 -1.462878698987264769e+01
4.840000000000003411e+00 -1.462883512556751242e+01
4.850000000000004086e+00 -1.462888074900989288e+01
4.860000000000003872e+00 -1.462892388217315087e+01
4.870000000000003659e+00 -1.462896454687663983e+01
4.880000000000004334e+00 -1.462900276478657347e+01
4.890000000000004121e+00 -1.462903855741673098e+01
4.900000000000003908e+00 -1.462907194612922623e+01
4.910000000000003695e+00 -1.462910295213533729e+01
4.920000000000003482e+00 -1.462913159649617612e+01
4.930000000000004157e+00 -1.462915790012359274e+01
4.940000000000003944e+00 -1.462918188378093021e+01
4.950000000000003730e+00 -1.462920356808369959e+01
4.960000000000004405e+00 -1.462922297350052503e+01
4.970000000000004192e+00 -1.462924012035388266e+01
4.980000000000003979e+00 -1.462925502882086803e+01
4.990000000000003766e+00 -1.462926771893401146e+01
5.000000000000003553e+00 -1.462927821058207023e+01
5.010000000000004228e+00 -1.462928652351088488e+01
5.020000000000004015e+00 -1.462929267732406835e+01
5.030000000000003801e+00 -1.462929669148395817e+01
5.040000000000004476e+00 -1.462929858531226657e+01
5.050000000000004263e+00 -1.462929837799102017e+01
5.060000000000004050e+00 -1.462929608856329367e+01
5.070000000000003837e+00 -1.462929173593401977e+01
5.080000000000003624e+00 -1.462928533887081173e+01
5.090000000000004299e+00 -1.462927691600478042e+01
5.100000000000004086e+00 -1.462926648583132838e+01
5.110000000000003872e+00 -1.462925406671092965e+01
5.120000000000004547e+00 -1.462923967687002680e+01
5.130000000000004334e+00 -1.462922333440175926e+01
5.140000000000004121e+00 -1.462920505726675735e+01
5.150000000000003908e+00 -1.462918486329398426e+01
5.160000000000003695e+00 -1.462916277018159406e+01
5.170000000000004370e+00 -1.462913879549762441e+01
5.180000000000004157e+00 -1.462911295668086709e+01
5.190000000000003944e+00 -1.462908527104166367e+01
5.200000000000004619e+00 -1.462905575576271389e+01
5.210000000000004405e+00 -1.462902442789983759e+01
5.220000000000004192e+00 -1.462899130438282214e+01
5.230000000000003979e+00 -1.462895640201617908e+01
5.240000000000003766e+00 -1.462891973747995777e+01
5.250000000000004441e+00 -1.462888132733055180e+01
5.260000000000004228e+00 -1.462884118800145572e+01
5.270000000000004015e+00 -1.462879933580404668e+01
5.280000000000004690e+00 -1.462875578692847611e+01
5.290000000000004476e+00 -1.462871055744430748e+01
5.300000000000004263e+00 -1.462866366330142220e+01
5.310000000000004050e+00 -1.462861512033067868e+01
5.320000000000003837e+00 -1.462856494424485376e+01
5.330000000000004512e+00 -1.462851315063922897e+01
5.340000000000004299e+00 -1.462845975499254614e+01
5.350000000000004086e+00 -1.462840477266765227e+01
5.360000000000004761e+00 -1.462834821891231663e+01
5.370000000000004547e+00 -1.462829010885997327e+01
5.380000000000004334e+00 -1.462823045753055595e+01
5.390000000000004121e+00 -1.462816927983115001e+01
5.400000000000003908e+00 -1.462810659055683082e+01
5.410000000000004583e+00 -1.462804240439140102e+01
5.420000000000004370e+00 -1.462797673590814007e+01
5.430000000000004157e+00 -1.462790959957052017e+01
5.440000000000004832e+00 -1.462784100973301804e+01
5.450000000000004619e+00 -1.462777098064177927e+01
5.460000000000004405e+00 -1.462769952643546034e+01
5.470000000000004192e+00 -1.462762666114586807e+01
5.480000000000003979e+00 -1.462755239869875190e+01
5.490000000000004654e+00 -1.462747675291451266e+01
5.500000000000004441e+00 -1.462739973750890776e+01
5.510000000000004228e+00 -1.462732136609384703e+01
5.520000000000004903e+00 -1.462724165217803396e+01
5.530000000000004690e+00 -1.462716060916772776e+01
5.540000000000004476e+00 -1.462707825036746456e+01
5.550000000000004263e+00 -1.462699458898073956e+01
5.560000000000004050e+00 -1.462690963811069977e+01
5.570000000000004725e+00 -1.462682341076090964e+01
5.580000000000004512e+00 -1.462673591983604204e+01
5.590000000000004299e+00 -1.462664717814248938e+01
5.600000000000004974e+00 -1.462655719838914870e+01
5.610000000000004761e+00 -1.462646599318809670e+01
5.620000000000004547e+00 -1.462637357505524704e+01
5.630000000000004334e+00 -1.462627995641101464e+01
5.640000000000004121e+00 -1.462618514958110083e+01
5.650000000000004796e+00 -1.462608916679701743e+01
5.660000000000004583e+00 -1.462599202019691269e+01
5.670000000000004370e+00 -1.462589372182609537e+01
5.680000000000005045e+00 -1.462579428363785183e+01
5.690000000000004832e+00 -1.462569371749392566e+01
5.700000000000004619e+00 -1.462559203516536144e+01
5.710000000000004405e+00 -1.462548924833302166e+01
5.720000000000004192e+00 -1.462538536858829907e+01
5.730000000000004867e+00 -1.462528040743373836e+01
5.740000000000004654e+00 -1.462517437628375205e+01
5.750000000000004441e+00 -1.462506728646510545e+01
5.760000000000005116e+00 -1.462495914921773199e+01
5.770000000000004903e+00 -1.462484997569521283e+01
5.780000000000004690e+00 -1.462473977696551408e+01
5.790000000000004476e+00 -1.462462856401154099e+01
5.800000000000004263e+00 -1.462451634773180054e+01
5.810000000000004938e+00 -1.462440313894098587e+01
5.820000000000004725e+00 -1.462428894837061932e+01
5.830000000000004512e+00 -1.462417378666965995e+01
5.840000000000005187e+00 -1.462405766440503996e+01
5.850000000000004974e+00 -1.462394059206238595e+01
5.860000000000004761e+00 -1.462382258004655000e+01
5.870000000000004547e+00 -1.462370363868215151e+01
5.880000000000004334e+00 -1.462358377821428412e+01
5.890000000000005009e+00 -1.462346300880899186e+01
5.900000000000004796e+00 -1.462334134055395829e+01
5.910000000000004583e+00 -1.462321878345898796e+01
5.920000000000005258e+00 -1.462309534745662098e+01
5.930000000000005045e+00 -1.462297104240271572e+01
5.940000000000004832e+00 -1.462284587807704916e+01
5.950000000000004619e+00 -1.462271986418376102e+01
5.960000000000004405e+00 -1.462259301035208203e+01
5.970000000000005080e+00 -1.462246532613670524e+01
5.980000000000004867e+00 -1.462233682101855337e+01
5.990000000000004654e+00 -1.462220750440507544e+01
6.000000000000005329e+00 -1.462207738563106751e+01
6.010000000000005116e+00 -1.462194647395897462e+01
6.020000000000004903e+00 -1.462181477857957468e+01
6.030000000000004690e+00 -1.462168230861244922e+01
6.040000000000004476e+00 -1.462154907310658380e+01
6.050000000000005151e+00 -1.462141508104077481e+01
6.060000000000004938e+00 -1.462128034132430088e+01
6.070000000000004725e+00 -1.462114486279731196e+01
6.080000000000005400e+00 -1.462100865423142793e+01
6.090000000000005187e+00 -1.462087172433020754e+01
6.100000000000004974e+00 -1.462073408172972577e+01
6.110000000000004761e+00 -1.462059573499900011e+01
6.120000000000004547e+00 -1.462045669264049863e+01
6.130000000000005222e+00 -1.462031696309071371e+01
6.140000000000005009e+00 -1.462017655472060085e+01
6.150000000000004796e+00 -1.462003547583606711e+01
6.160000000000005471e+00 -1.461989373467844544e+01
6.170000000000005258e+00 -1.461975133942507910e+01
6.180000000000005045e+00 -1.461960829818969820e+01
6.190000000000004832e+00 -1.461946461902290650e+01
6.200000000000004619e+00 -1.461932030991270359e+01
6.210000000000005294e+00 -1.461917537878496276e+01
6.220000000000005080e+00 -1.461902983350383245e+01
6.230000000000004867e+00 -1.461888368187223719e+01
6.240000000000005542e+00 -1.461873693163239274e+01
6.250000000000005329e+00 -1.461858959046618800e+01
6.260000000000005116e+00 -1.461844166599561490e+01
6.270000000000004903e+00 -1.461829316578337412e+01
6.280000000000004690e+00 -1.461814409733312736e+01
6.290000000000005365e+00 -1.461799446809007996e+01
6.300000000000005151e+00 -1.461784428544140724e+01
6.310000000000004938e+00 -1.461769355671659198e+01
6.320000000000005613e+00 -1.461754228918800536e+01
6.330000000000005400e+00 -1.461739049007120883e+01
6.340000000000005187e+00 -1.461723816652549779e+01
6.350000000000004974e+00 -1.461708532565422125e+01
6.360000000000004761e+00 -1.461693197450529880e+01
6.370000000000005436e+00 -1.461677812007152610e+01
6.380000000000005222e+00 -1.461662376929117535e+01
6.390000000000005009e+00 -1.461646892904816575e+01
6.400000000000005684e+00 -1.461631360617267283e+01
6.410000000000005471e+00 -1.461615780744153348e+01
6.420000000000005258e+00 -1.461600153957842885e+01
6.430000000000005045e+00 -1.461584480925455587e+01
6.440000000000004832e+00 -1.461568762308886882e+01
6.450000000000005507e+00 -1.461552998764853939e+01
6.460000000000005294e+00 -1.461537190944929243e+01
6.470000000000005080e+00 -1.461521339495584826e+01
6.480000000000005755e+00 -1.461505445058229036e+01
6.490000000000005542e+00 -1.461489508269245263e+01
6.500000000000005329e+00 -1.461473529760028534e+01
6.510000000000005116e+00 -1.461457510157027784e+01
6.520000000000004903e+00 -1.461441450081774462e+01
6.530000000000005578e+00 -1.461425350150928537e+01
6.540000000000005365e+00 -1.461409210976314199e+01
6.550000000000005151e+00 -1.461393033164948640e+01
6.560000000000005826e+00 -1.461376817319092325e+01
6.570000000000005613e+00 -1.461360564036271725e+01
6.580000000000005400e+00 -1.461344273909322133e+01
6.590000000000005187e+00 -1.461327947526422122e+01
6.600000000000004974e+00 -1.461311585471128005e+01
6.610000000000005649e+00 -1.461295188322412564e+01
6.620000000000005436e+00 -1.461278756654691868e+01
6.630000000000005222e+00 -1.461262291037866135e+01
6.640000000000005898e+00 -1.461245792037355251e+01
6.650000000000005684e+00 -1.461229260214127557e+01
6.660000000000005471e+00 -1.461212696124737853e+01
6.670000000000005258e+00 -1.461196100321355473e+01
6.680000000000005045e+00 -1.461179473351805669e+01
6.690000000000005720e+00 -1.461162815759598743e+01
6.700000000000005507e+00 -1.461146128083955986e+01
6.710000000000005294e+00 -1.461129410859853728e+01
6.720000000000005969e+00 -1.461112664618048385e+01
6.730000000000005755e+00 -1.461095889885112342e+01
6.740000000000005542e+00 -1.461079087183458824e+01
6.750000000000005329e+00 -1.461062257031385769e+01
6.760000000000005116e+00 -1.461045399943091638e+01
6.770000000000005791e+00 -1.461028516428721247e+01
6.780000000000005578e+00 -1.461011606994381395e+01
6.790000000000005365e+00 -1.460994672142190254e+01
6.800000000000006040e+00 -1.460977712370290327e+01
6.810000000000005826e+00 -1.460960728172884693e+01
6.820000000000005613e+00 -1.460943720040274307e+01
6.830000000000005400e+00 -1.460926688458873812e+01
6.840000000000005187e+00 -1.460909633911251504e+01
6.850000000000005862e+00 -1.460892556876152781e+01
6.860000000000005649e+00 -1.460875457828535318e+01
6.870000000000005436e+00 -1.460858337239594107e+01
6.880000000000006111e+00 -1.460841195576783669e+01
6.890000000000005898e+00 -1.460824033303857661e+01
6.900000000000005684e+00 -1.460806850880893926e+01
6.910000000000005471e+00 -1.460789648764311544e+01
6.920000000000005258e+00 -1.460772427406916130e+01
6.930000000000005933e+00 -1.460755187257916354e+01
6.940000000000005720e+00 -1.460737928762949345e+01
6.950000000000005507e+00 -1.460720652364116212e+01
6.960000000000006182e+00 -1.460703358500003723e+01
6.970000000000005969e+00 -1.460686047605706861e+01
6.980000000000005755e+00 -1.460668720112865415e+01
6.990000000000005542e+00 -1.460651376449685124e+01
7.000000000000005329e+00 -1.460634017040956678e+01
7.010000000000006004e+00 -1.460616642308095514e+01
7.020000000000005791e+00 -1.460599252669155312e+01
7.030000000000005578e+00 -1.460581848538857130e+01
7.040000000000006253e+00 -1.460564430328621910e+01
7.050000000000006040e+00 -1.460546998446586464e+01
7.060000000000005826e+00 -1.460529553297627103e+01
7.070000000000005613e+00 -1.460512095283392675e+01
7.080000000000005400e+00 -1.460494624802324282e+01
7.090000000000006075e+00 -1.460477142249677129e+01
7.100000000000005862e+00 -1.460459648017548950e+01
7.110000000000005649e+00 -1.460442142494906292e+01
7.120000000000006324e+00 -1.460424626067599085e+01
7.130000000000006111e+00 -1.460407099118389063e+01
7.140000000000005898e+00 -1.460389562026978894e+01
7.150000000000005684e+00 -1.460372015170022308e+01
7.160000000000005471e+00 -1.460354458921161935e+01
7.170000000000006146e+00 -1.460336893651041379e+01
7.180000000000005933e+00 -1.460319319727330267e+01
7.190000000000005720e+00 -1.460301737514751252e+01
7.200000000000006395e+00 -1.460284147375095465e+01
7.210000000000006182e+00 -1.460266549667250224e+01
7.220000000000005969e+00 -1.460248944747216804e+01
7.230000000000005755e+00 -1.460231332968135831e+01
7.240000000000005542e+00 -1.460213714680307007e+01
7.250000000000006217e+00 -1.460196090231210064e+01
7.260000000000006004e+00 -1.460178459965526088e+01
7.270000000000005791e+00 -1.460160824225160958e+01
7.280000000000006466e+00 -1.460143183349264540e+01
7.290000000000006253e+00 -1.460125537674248619e+01
7.300000000000006040e+00 -1.460107887533815862e+01
7.310000000000005826e+00 -1.460090233258970294e+01
7.320000000000005613e+00 -1.460072575178040033e+01
7.330000000000006288e+00 -1.460054913616705008e+01
7.340000000000006075e+00 -1.460037248898011697e+01
7.350000000000005862e+00 -1.460019581342386630e+01
7.360000000000006537e+00 -1.460001911267666230e+01
7.370000000000006324e+00 -1.459984238989111915e+01
7.380000000000006111e+00 -1.459966564819426083e+01
7.390000000000005898e+00 -1.459948889068784794e+01
7.400000000000005684e+00 -1.459931212044835114e+01
7.410000000000006359e+00 -1.459913534052732587e+01
7.420000000000006146e+00 -1.459895855395149766e+01
7.430000000000005933e+00 -1.459878176372300196e+01
7.440000000000006608e+00 -1.459860497281958480e+01
7.450000000000006395e+00 -1.459842818419466859e+01
7.460000000000006182e+00 -1.459825140077770023e+01
7.470000000000005969e+00 -1.459807462547418844e+01
7.480000000000005755e+00 -1.459789786116593646e+01
7.490000000000006430e+00 -1.459772111071129430e+01
7.500000000000006217e+00 -1.459754437694519069e+01
7.510000000000006004e+00 -1.459736766267940844e+01
7.520000000000006679e+00 -1.459719097070271943e+01
7.530000000000006466e+00 -1.459701430378108888e+01
7.540000000000006253e+00 -1.459683766465782817e+01
7.550000000000006040e+00 -1.459666105605369779e+01
7.560000000000005826e+00 -1.459648448066722004e+01
7.570000000000006501e+00 -1.459630794117470742e+01
7.580000000000006288e+00 -1.459613144023047049e+01
7.590000000000006075e+00 -1.459595498046706652e+01
7.600000000000006750e+00 -1.459577856449528710e+01
7.610000000000006537e+00 -1.459560219490450805e+01
7.620000000000006324e+00 -1.459542587426270366e+01
7.630000000000006111e+00 -1.459524960511668645e+01
7.640000000000005898e+00 -1.459507338999223514e+01
7.650000000000006573e+00 -1.459489723139424200e+01
7.660000000000006359e+00 -1.459472113180689590e+01
7.670000000000006146e+00 -1.459454509369384567e+01
7.680000000000006821e+00 -1.459436911949824633e+01
7.690000000000006608e+00 -1.459419321164306638e+01
7.700000000000006395e+00 -1.459401737253111619e+01
7.710000000000006182e+00 -1.459384160454527191e+01
7.720000000000005969e+00 -1.459366591004856595e+01
7.730000000000006644e+00 -1.459349029138435938e+01
7.740000000000006430e+00 -1.459331475087650531e+01
7.750000000000006217e+00 -1.459313929082944483e+01
7.760000000000006892e+00 -1.459296391352838818e+01
7.770000000000006679e+00 -1.459278862123944087e+01
7.780000000000006466e+00 -1.459261341620976360e+01
7.790000000000006253e+00 -1.459243830066765213e+01
7.800000000000006040e+00 -1.459226327682274871e+01
7.810000000000006715e+00 -1.459208834686614509e+01
7.820000000000006501e+00 -1.459191351297051220e+01
7.830000000000006288e+00 -1.459173877729021029e+01
7.840000000000006963e+00 -1.459156414196150209e+01
7.850000000000006750e+00 -1.459138960910259009e+01
7.860000000000006537e+00 -1.459121518081382796e+01
7.870000000000006324e+00 -1.459104085917777205e+01
7.880000000000006111e+00 -1.459086664625941410e+01
7.890000000000006786e+00 -1.459069254410615279e+01
7.900000000000006573e+00 -1.459051855474809578e+01
7.910000000000006359e+00 -1.459034468019808095e+01
7.920000000000007034e+00 -1.459017092245179015e+01
7.930000000000006821e+00 -1.458999728348791258e+01
7.940000000000006608e+00 -1.458982376526826208e+01
7.950000000000006395e+00 -1.458965036973793872e+01
7.960000000000006182e+00 -1.458947709882532173e+01
7.970000000000006857e+00 -1.458930395444232531e+01
7.980000000000006644e+00 -1.458913093848445897e+01
7.990000000000006430e+00 -1.458895805283090397e+01
8.000000000000007105e+00 -1.458878529934471402e+01
8.010000000000006892e+00 -1.458861267987289345e+01
8.020000000000006679e+00 -1.458844019624646471e+01
8.030000000000006466e+00 -1.458826785028061757e+01
8.040000000000006253e+00 -1.458809564377489210e+01
8.050000000000007816e+00 -1.458792357851314847e+01
8.060000000000005826e+00 -1.458775165626380144e+01
8.070000000000007390e+00 -1.458757987877983275e+01
8.080000000000007176e+00 -1.458740824779898659e+01
8.090000000000006963e+00 -1.458723676504382283e+01
8.100000000000006750e+00 -1.458706543222179697e+01
8.110000000000006537e+00 -1.458689425102545911e+01
8.120000000000006324e+00 -1.458672322313246106e+01
8.130000000000006111e+00 -1.458655235020572505e+01
8.140000000000007674e+00 -1.458638163389351305e+01
8.150000000000005684e+00 -1.458621107582952092e+01
8.160000000000007248e+00 -1.458604067763302403e+01
8.170000000000007034e+00 -1.458587044090890927e+01
8.180000000000006821e+00 -1.458570036724784735e+01
8.190000000000006608e+00 -1.458553045822632299e+01
8.200000000000006395e+00 -1.458536071540681434e+01
8.210000000000007958e+00 -1.458519114033779829e+01
8.220000000000005969e+00 -1.458502173455387307e+01
8.230000000000007532e+00 -1.458485249957589858e+01
8.240000000000007319e+00 -1.458468343691103009e+01
8.250000000000007105e+00 -1.458451454805286573e+01
8.260000000000006892e+00 -1.458434583448145716e+01
8.270000000000006679e+00 -1.458417729766355464e+01
8.280000000000006466e+00 -1.458400893905248985e+01
8.290000000000006253e+00 -1.458384076008842811e+01
8.300000000000007816e+00 -1.458367276219836484e+01
8.310000000000005826e+00 -1.458350494679628007e+01
8.320000000000007390e+00 -1.458333731528320776e+01
8.330000000000007176e+00 -1.458316986904725532e+01
8.340000000000006963e+00 -1.458300260946374394e+01
8.350000000000006750e+00 -1.458283553789535425e+01
8.360000000000006537e+00 -1.458266865569211213e+01
8.370000000000008100e+00 -1.458250196419149702e+01
8.380000000000006111e+00 -1.458233546471851128e+01
8.390000000000007674e+00 -1.458216915858583107e+01
8.400000000000007461e+00 -1.458200304709382777e+01
8.410000000000007248e+00 -1.458183713153063010e+01
8.420000000000007034e+00 -1.458167141317228754e+01
8.430000000000006821e+00 -1.458150589328272417e+01
8.440000000000006608e+00 -1.458134057311396958e+01
8.450000000000006395e+00 -1.458117545390606296e+01
8.460000000000007958e+00 -1.458101053688728577e+01
8.470000000000005969e+00 -1.458084582327416889e+01
8.480000000000007532e+00 -1.458068131427153880e+01
8.490000000000007319e+00 -1.458051701107263831e+01
8.500000000000007105e+00 -1.458035291485917995e+01
8.510000000000006892e+00 -1.458018902680143825e+01
8.520000000000006679e+00 -1.458002534805829420e+01
8.530000000000006466e+00 -1.457986187977732939e+01
8.540000000000006253e+00 -1.457969862309488640e+01
8.550000000000007816e+00 -1.457953557913612741e+01
8.560000000000007603e+00 -1.457937274901516034e+01
8.570000000000007390e+00 -1.457921013383499798e+01
8.580000000000007176e+00 -1.457904773468773740e+01
8.590000000000006963e+00 -1.457888555265459196e+01
8.600000000000006750e+00 -1.457872358880591790e+01
8.610000000000006537e+00 -1.457856184420134760e+01
8.620000000000008100e+00 -1.457840031988977358e+01
8.630000000000007887e+00 -1.457823901690951374e+01
8.640000000000007674e+00 -1.457807793628828286e+01
8.650000000000007461e+00 -1.457791707904332235e+01
8.660000000000007248e+00 -1.457775644618142863e+01
8.670000000000007034e+00 -1.457759603869902953e+01
8.680000000000006821e+00 -1.457743585758221982e+01
8.690000000000006608e+00 -1.457727590380689442e+01
8.700000000000006395e+00 -1.457711617833871287e+01
8.710000000000007958e+00 -1.457695668213324325e+01
8.720000000000007745e+00 -1.457679741613596391e+01
8.730000000000007532e+00 -1.457663838128234346e+01
8.740000000000007319e+00 -1.457647957849793841e+01
8.750000000000007105e+00 -1.457632100869838965e+01
8.760000000000006892e+00 -1.457616267278948108e+01
8.770000000000006679e+00 -1.457600457166729768e+01
8.780000000000008242e+00 -1.457584670621813316e+01
8.790000000000008029e+00 -1.457568907731864805e+01
8.800000000000007816e+00 -1.457553168583588388e+01
8.810000000000007603e+00 -1.457537453262738225e+01
8.820000000000007390e+00 -1.457521761854113684e+01
8.830000000000007176e+00 -1.457506094441569999e+01
8.840000000000006963e+00 -1.457490451108027507e+01
8.850000000000006750e+00 -1.457474831935473070e+01
8.860000000000006537e+00 -1.457459237004962738e+01
8.870000000000008100e+00 -1.457443666396631343e+01
8.880000000000007887e+00 -1.457428120189692677e+01
8.890000000000007674e+00 -1.457412598462453168e+01
8.900000000000007461e+00 -1.457397101292310815e+01
8.910000000000007248e+00 -1.457381628755761227e+01
8.920000000000007034e+00 -1.457366180928401356e+01
8.930000000000006821e+00 -1.457350757884935710e+01
8.940000000000008384e+00 -1.457335359699182042e+01
8.950000000000008171e+00 -1.457319986444077387e+01
8.960000000000007958e+00 -1.457304638191680901e+01
8.970000000000007745e+00 -1.457289315013175290e+01
8.980000000000007532e+00 -1.457274016978880482e+01
8.990000000000007319e+00 -1.457258744158249009e+01
9.000000000000007105e+00 -1.457243496619876666e+01
9.010000000000006892e+00 -1.457228274431506598e+01
9.020000000000006679e+00 -1.457213077660028588e+01
9.030000000000008242e+00 -1.457197906371492557e+01
9.040000000000008029e+00 -1.457182760631101281e+01
9.050000000000007816e+00 -1.457167640503231709e+01
9.060000000000007603e+00 -1.457152546051422171e+01
9.070000000000007390e+00 -1.457137477338382325e+01
9.080000000000007176e+00 -1.457122434426009860e+01
9.090000000000006963e+00 -1.457107417375371483e+01
9.100000000000008527e+00 -1.457092426246726724e+01
9.110000000000008313e+00 -1.457077461099526161e+01
9.120000000000008100e+00 -1.457062521992413195e+01
9.130000000000007887e+00 -1.457047608983232401e+01
9.140000000000007674e+00 -1.457032722129025615e+01
9.150000000000007461e+00 -1.457017861486049526e+01
9.160000000000007248e+00 -1.457003027109763948e+01
9.170000000000007034e+00 -1.456988219054851363e+01
9.180000000000006821e+00 -1.456973437375211589e+01
9.190000000000008384e+00 -1.456958682123964799e+01
9.200000000000008171e+00 -1.456943953353463783e+01
9.210000000000007958e+00 -1.456929251115285773e+01
9.220000000000007745e+00 -1.456914575460249139e+01
9.230000000000007532e+00 -1.456899926438410198e+01
9.240000000000007319e+00 -1.456885304099067469e+01
9.250000000000007105e+00 -1.456870708490766475e+01
9.260000000000008669e+00 -1.456856139661303473e+01
9.270000000000008455e+00 -1.456841597657730247e+01
9.280000000000008242e+00 -1.456827082526352868e+01
9.290000000000008029e+00 -1.456812594312744658e+01
9.300000000000007816e+00 -1.456798133061743528e+01
9.310000000000007603e+00 -1.456783698817451977e+01
9.320000000000007390e+00 -1.456769291623253437e+01
9.330000000000007176e+00 -1.456754911521800366e+01
9.340000000000006963e+00 -1.456740558555032194e+01
9.350000000000008527e+00 -1.456726232764164486e+01
9.360000000000008313e+00 -1.456711934189708479e+01
9.370000000000008100e+00 -1.456697662871456878e+01
9.380000000000007887e+00 -1.456683418848508715e+01
9.390000000000007674e+00 -1.456669202159250709e+01
9.400000000000007461e+00 -1.456655012841374308e+01
9.410000000000007248e+00 -1.456640850931874986e+01
9.420000000000008811e+00 -1.456626716467063609e+01
9.430000000000008598e+00 -1.456612609482550091e+01
9.440000000000008384e+00 -1.456598530013267379e+01
9.450000000000008171e+00 -1.456584478093467183e+01
9.460000000000007958e+00 -1.456570453756720340e+01
9.470000000000007745e+00 -1.456556457035921248e+01
9.480000000000007532e+00 -1.456542487963296928e+01
9.490000000000007319e+00 -1.456528546570401339e+01
9.500000000000007105e+00 -1.456514632888127814e+01
9.510000000000008669e+00 -1.456500746946703373e+01
9.520000000000008455e+00 -1.456486888775701694e+01
9.530000000000008242e+00 -1.456473058404036891e+01
9.540000000000008029e+00 -1.456459255859969915e+01
9.550000000000007816e+00 -1.456445481171115297e+01
9.560000000000007603e+00 -1.456431734364442931e+01
9.570000000000007390e+00 -1.456418015466271321e+01
9.580000000000008953e+00 -1.456404324502293512e+01
9.590000000000008740e+00 -1.456390661497554717e+01
9.600000000000008527e+00 -1.456377026476466696e+01
9.610000000000008313e+00 -1.456363419462819131e+01
9.620000000000008100e+00 -1.456349840479765945e+01
9.630000000000007887e+00 -1.456336289549841290e+01
9.640000000000007674e+00 -1.456322766694957771e+01
9.650000000000007461e+00 -1.456309271936407335e+01
9.660000000000007248e+00 -1.456295805294866597e+01
9.670000000000008811e+00 -1.456282366790406613e+01
9.680000000000008598e+00 -1.456268956442474760e+01
9.690000000000008384e+00 -1.456255574269928843e+01
9.700000000000008171e+00 -1.456242220291015776e+01
9.710000000000007958e+00 -1.456228894523376738e+01
9.720000000000007745e+00 -1.456215596984063865e+01
9.730000000000007532e+00 -1.456202327689530485e+01
9.740000000000009095e+00 -1.456189086655638221e+01
9.750000000000008882e+00 -1.456175873897661077e+01
9.760000000000008669e+00 -1.456162689430288992e+01
9.770000000000008455e+00 -1.456149533267623220e+01
9.780000000000008242e+00 -1.456136405423189828e+01
9.790000000000008029e+00 -1.456123305909936150e+01
9.800000000000007816e+00 -1.456110234740234688e+01
9.810000000000007603e+00 -1.456097191925885070e+01
9.820000000000007390e+00 -1.456084177478119734e+01
9.830000000000008953e+00 -1.456071191407606591e+01
9.840000000000008740e+00 -1.456058233724446360e+01
9.850000000000008527e+00 -1.456045304438181276e+01
9.860000000000008313e+00 -1.456032403557797039e+01
9.870000000000008100e+00 -1.456019531091723884e+01
9.880000000000007887e+00 -1.456006687047835690e+01
9.890000000000007674e+00 -1.455993871433465969e+01
9.900000000000009237e+00 -1.455981084255392055e+01
9.910000000000009024e+00 -1.455968325519853401e+01
9.920000000000008811e+00 -1.455955595232545186e+01
9.930000000000008598e+00 -1.455942893398627014e+01
9.940000000000008384e+00 -1.455930220022719013e+01
9.950000000000008171e+00 -1.455917575108913020e+01
9.960000000000007958e+00 -1.455904958660767612e+01
9.970000000000007745e+00 -1.455892370681310588e+01
9.980000000000007532e+00 -1.455879811173053540e+01
9.990000000000009095e+00 -1.462929698183554628e+01
